image: living_room.pgm
resolution: 0.050000
origin: [-5.025000, -5.025000, 0.000000]
negate: 0
occupied_thresh: 0.65
free_thresh: 0.196

